# Puzzle
809040020046010000300900000000100945500000006983006000000004001000090370030070409
000040007040690000000208601020000360700000005038000010209306000000052080400070000
050900802007320000000000054000000915010607080538000000670000000000086700801009020
091640000000000804000213060860071200000000000004350087080139000503000000000024370
050040080301200000700300016078000000090681040000000190620007004000009801010020070
600003007000040060054867000000000010162080749030000000000421930010070000400600005
000403900007050000105006003702080000090000050000030206500300109000020800009607000
074050060000900005510200000000009013000183000830500000000002076200005000050030480
500070000006020890019800050000200034003000900640009000030004680061080400000090005
700006250026000000001000908009403080040000090080501400908000100000000620053100009
304607000010090300260300008100000000008050600000000005900004053005060010000508206
043900000000050008210000900820000000600742001000000023002000097400060000000007150
100075206570000000000690003400000060902050301080000007800046000000000025603520004
002650000000000040497000002000001600073090150009500000100000237030000000000046900
002050806093020010800006700008400000000090000000003100009100004040060570207030600
000069070003804096060000000039050000026000940000080230000000020190705600040210000
028004073006020004100000008009082000000403000000670900500000009300040800610900450
000600305060000028170000900809200000000905000000006802008000041210000030607001000
000000128018902700000007000000068003900000007400270000000800000004305690156000000
000064031306800000080000000041520300005703400003041680000000050000009703490350000
900000000007180046000052000530000700089713560006000038000290000420061800000000001
005780000000006000260500000150008300004132600007400089000004052000800000000017800
081023700207000000500000040810007000004010600000200089060000002000000908002860450
061700000000000007049310006320600040000401000010002069400083620600000000000007380
000004020050097100004000003000063008300481006400570000600000500007230060010700000
025070006000000200000900158000700425090000010753002000489001000001000000300050860
000090004000012560010003809206000007000647000400000605903800020028950000700020000
900050100530070040700000903170006000000000000000400069801000004040080096009020008
010036080000900700036200000200009500680000079005800004000002490004003000050690030
001009000700000109690084000082000001000735000900000460000350018209000003000600500
089500002006074300000000050000051000057030160000280000090000000003790500800002630
000003850031005020000900400450300002000050000800004093002009000060200140018400000
900680000680900230000000000070006000804103905000500010000000000096001054000067002
600700000000083050200006800930840600000000000004035027001500003060920000000004008
000200000805310000201000008049060800000902000002030540700000901000078403000001000
000300001000004870000002639001907053009000100250108900643500000085400000100003000
450070000900206000008340000040000800010869040003000070000082300000605004000010026
547130000900020000000000070034060080800000005090040320060000000000010008000054163
020000000740080001610000200064720100007908400005014870001000097900070024000000010
200467031000020000000309057000000062308010709960000000780601000000070000190832005
007401900000000075500900010060000000903204506000000040090007002410000000002608400
000000046001904007240003500000007000304825901000100000007300059100502300830000000
070610000530900700004000300005000040048761920090000100007000400001007056000046070
580390470002000000400006900000030200040070010003040000009700003000000100076013049
080050924602300580000000000008030005030000010700010600000000000015009302897060050
030047610000006709007500002003850000000000000000019800600008200302100000091360050
021067400000200010000000073432100750000000000085009136670000000050001000008790360
900060007600004501001000060000600804019407620407008000050000700704800003100040002
000203100800000000000007804100904302063020950209706001902600000000000006006309000
019000007080002000060300400001050000920000086000010900002001090000700040300000210
500000460000064701000103080297000000000020000000000128010506000402980000053000007
695400030040000009000007060009804300000010000002306100050100000800000050010003247
200000001890600500000002780508000300060010020004000905076100000005009078300000006
009200100004010050617080040000000425000000000795000000030040981060020300001009500
400000100700900020000005700806300400300090007009001503008400000030006008002000005
270190000000006700000000123180009000006782300000300089619000000005900000000015067
300067004200500000000094500008702600700080003006903400003170000000006009100450008
203600590000509100000300007402000050000705000030000901300006000005902000078003605
500900000004870000000020759820010045006080900750030018465090000000051400000007003
562017000080000002040300600030001000207000405000200080003002060600000030000930528
500704000020000081300012900180000000050106070000000012004570003930000040000401005
450009200800000000010062590000000600100638002003000000024570060000000005001200037
000000004004986003301005009000018950000000000056470000600500702100834605500000000
317600900000000620000010050006700230000000000054002800070060000029000000005007364
000080000000002067800060040190600280203000706085009014060050001370800000000070000
008100007102000940000080060093001000000296000000300710070050000039000604200007500
290080000000200000045001006020360184008000900476098030600800210000003000000050073
205304091070010005009000020840000000060000030000000062090000200700080050430905608
000237940000040010000001207006003000032000650000500800609400000020050000085976000
569403008041060030000000000080000009010932080700000020000000000020010490900704612
728006003100005090000030100000000800001483900004000000005060000040800006200100385
502000000019030005006005008000400500001726400008003000900600200200070810000000903
200040007400000000517008306030009020002050700090400080308200471000000002100080003
030009001002100000050400900190200000075000340000008092007002060000004800300700020
000300000008400920650009010000900040400125007090003000070500081083001200000004000
050600900000879560000002080709560000000000000000013408020700000093186000008005090
015200000409018000000090321740000000000957000000000032578040000000730108000009670
070800200000000173053001000500003090006010300030600008000500910967000000005006040
100000000000800910070406200406000780000020000015000309009702040054003000000000003
850000000107000000000182000049000102010329080308000950000645000000000406000000071
000000400005801300100054060903080000400070008000090102090210006004508900001000000
000000060800003000005710308040002080630000079090100040401068700000200005080000000
900064708700015240000000001007056080000000000080920100100000000059280003308640005
008000205097012000000500000050009080700638004030400060000007000000260450601000800
984000000000500040000000002006097200003002000000000010005060003407051890030009700
054900000000523900900000080819200300700000009003009648080000001001354000000001490
010000400000603000006080003800950100020400058795000000000500700000007000000030641
050007690000040000009000000000100004000230008008000150000400003006080209002005000
900400800068072400000508000301080002000000000400090608000809000009160350006003007
020090065670000000800001023000930806000487000908056000250300008000000091180060030
000000060009804037040970000790003200002000700004200086000038010350602900060000000
000005901000080304038060070080300000100000008000002040010070650709050000503900000
740000006000800200080300045000065100000000000003280000630007090009002000500000064
000008019203600008000005630401500000000000000000003402078900000300006907620800000
002300000070000804040020001409603000050000010000709406800070040201000070000001600
010906002000082030000000059607000008085030270400000306250000000070260000800503020
800059002305042010004000000006000020003425600070000100000000800040910503700530004
000008000305000000000720901094080605010040090806010340601032000000000402000800000
400009010078000000001032008009000034000605000710000900300710400000000360050900001
000008500000004607001006009079830000020000080000052730900100200405700000008600000
070003005900020000000100400003006009020000080100500700006009000000040003400700020
500006902009010075000800300040609000015000008020070009002100007000000000003907000
100000805090300400003005000000609000020080070000507000000900300004001060506000007
810050000003901500000000001060200000270030084000004070700000000009102700000060015
360700000812460000000000000000000507001573600759000000000047000000928135000056048
980200056302100000000096000690000040100050002040000039000570000000008905510009087
430506020200090800000000001000002500007605100001700000300000000002060005050403089
210000076000100050000002018004001300000389000008500700980200000070008000630000047
002000006500030970030004000005801000009602800000903200000400020087020005600000300
000650000040000209020007000001070006570206031900080500000400070803000010000013000
070000108000675900500000400000300004005924800300001000003000007007549000208000040
000070013036000002700050090000060500000135000007020000020040007500000840670080000
030200790500030080700000360000009000049070130000800000014000009070040006085001070
000001098000009703800570006000000819000000000451000000900062007604300000520700000
000700500001090400000008327000002105020000070804500000162400000009010700003006000
000000060000290704300070900000080009060407010800020000004050001508063000070000000
200810309000000756600000800000004007000962000800300000004000008132000000906037005
000080140650020700800400300500000000002678400000000006007009004005060093036010000
200079635300040001001800004003500000000000000000008400100002700600090002892310006
070000904140020706200006000000000400020907080001000000000500003602080079904000010
800000000901006400570003000087490000000000000000037890000600083004100207000000006
620000000000060900050400087000800074007050200230006000510009030003080000000000015
034000000900301000060907300000004160106000503078100000002609030000705001000000790
206015000000009010900400030460000001000020000100000098030006005040700000000290803
015000037800000000000008524270053006000000000600280093164300000000000001590000370
900068000000500073200170800050000400006803700007000090002081004160005000000420007
000010409004930278000002000000000510000708000093000000000500000158024600407060000
600009001508740000001000070800100000946000813000008009080000700000024608200300005
800010090000700100000240800070000209300060001406000030001053000005004000040090006
000090603000507291000001000900040087000000000130080009000800000374106000206050000
000003800090000270106200400000406902600030007409802000001004605068000020004600000
030090008500020900002004500080007004000060000600200080001700600006030005200040010
000008005000000007790054610803070000900000006000010509078520091500000000100400000
000000541000030070008500002007008600000753000003400100400009300070020000936000000
092001000008000007003000200705020060060508020030060708007000600900000300000900540
980100200000000001000426089000362700400000006006914000560843000800000000003009048
065000000300070400074800050600091000050040020000380009040009560003060004000000210
000000730040000091560001000006400007050030020800009600000200079430000010098000000
000910000600002700072000400040090027000304000350070040008000260007400001000056000
000003000000002590900080374520000480070000060041000052168090005057600000000100000
000000620706030009040609710008400000100000007000008400052806030800090504061000000
003000000700035001605010003800000020002649700040000006900080604400760008000000100
290000000061020070004810000000000013002309600470000000000037500040050720000000081
042000003805007000000000004070801250050700810000200000010009008904360000000000000
030200000860030500004870000000390007200608003100027000000086300008050091000003020
900016000068700400000002000080030007500000000000409010004620000000100040005070261
090008001300010708002007069706000083900000000003020000000000000000005020080030615
000048000000010008600007500002001860700000401930000002100000340050000010004000006
400008607003000900087000002900802000030050020000406001100000260008000100504100008
000003080000000970000821056780040000001000400000060098170684000048000000020900000
007000000300649700609508000000002035002000400590300000000906104005214003000000600
003000040070006810800350000309501000000000000000704209000062004026800070090000600
000300005040657001007040000090061740000000000018790020000010800500472090900005000
071900006200170003040006000418000000090000030000000718000500090800093001300001870
000820000501000000000007910390006071050000060170400035049600000000000702000039000
902040000000015008100002040450000103000000000306000094010200006200460000000070301
400000900001604000280010000008502600900163005005408100000030067000206500006000002
030010900500090600097500300000100052001000700720009000009006870002080006006040030
006010830000000002003004070000030701079080260501070000040900100200000000035060400
710060080000005106000008700620000008904000307800000029009800000305700000070030061
000020700702400000000050091020007305600302004403600020940030000000004506007060000
504200001000001300320600000000320090005409600040086000000004035003500000100002407
008000000003009712004300000040060800100000004002070030000003200829500400000000500
000000007000908602000020390070300001009246800300007020095060000706501000400000000
000300000000040917100000040004007059000495000250600100060000008325070000000006000
107604000000000000895000004003060050014050280060020100300000512000000000000108603
049860001530000000000000090001608402000000000902307500020000000000000023300024960
000097310000400000300000708128000000069030280000000195206000001000005000045810000
000040512186005000400000000300201060800000009060509001000000008000800426638010000
600709038000300000700500260897000000020000050000000987083002001000008000240905003
008000000004062000930870600003058040001000800080320700009037018000280500000000200
873002000109500000020100000000000027030704060240000000000006050000007208000400196
410009020900000000000030907100060000060517040000020008601050000000000001020300089
000000000500300098620090354057000900040105020002000430238070069710002003000000000
150406203006003000002050000070030009400000001600010070000070800000800100708301062
000050094200000000700209065000006700070512080003800000940605007000000008520070000
800005702000800160001070000900043000004000300000150004000090500093006000105400007
008030000000000308306405000503000007084020130200000405000209804407000000000060200
000060504020000000503000001004630009080207030900018600400000103000000050301070000
000000067800017000037600500704000000100206009000000301001009780000540006340000000
000005200018000470400009003905410000000000000000082305800200006072000950004700000
000003070003280506860700000005000042600000001170000900000007094207034600010900000
004800000305001900960000000007400800040109070008003500000000018001200406000008300
067450000000000006930000000004370000780040065000025900000000051800000000000062790
900000061000046200000019000016000023800070006530000980000150000008430000340000007
000007519003001007009000000000100084040080060920003000000000400200900700671200000
100000200039000000608309050007065000080030040000810500090506702000000410002000006
000300200060007500070026090093508040000060000020903650010250070008700010009001000
000390072003000095970005300000000000090100200307048010069000050030009820508700040
003000010000000007094700205501008040000000000000076520600003100008050000000090750
000709000040000020000800000000000104300000060700300000000030700060040000005000800
700056038108420000000000000500300000040080700001000240003000000000100005050007060
300840209000010000000007060000000000006420100008005070200103007070060903000074620
000000300801930000000006005309200600700409003008003901200800000000017506003000000
000000080004312090000047100000004200062509810008700000001290000090471500030000000
000003160020800000100946280800070090007000800090030001081265003000004050064300000
045000800000045000308010040002031980000000000067950100090060208000180000004000690
920040000060000800108200000000003009017090520600700000000005408001000030000020096
000007020000008370900000006017030240030104060084020130300000002051900000090300000
000005406000000010704100900000007381010000020627300000006009704070000000908500000
600000000300700520085206730400000050001050300070000008056408170013007004000000005
000280754090403800000000000039700280840000003050000070008001090000005002306000000
000000000001902060000006790902000600370000950005000004140003005709024000000800000
200000006040000000507918000000003000000080010703009000002307840085000100900000050
005608003300050000067000000000000001082014500006000000004500007700960010000100020
000041000506702001020000000040900002009058643600000000004100005700080000050000009
092030147370000069000000300007000000400002000000400230060045000080390002000010980
023004900050010400000520000005060307410800006070000000000000000000006100198040500
086500000000040008090002000000010000400700005900000010000005063000180900650090804
010090000000680020200000000000350090070009803000200004003160005408000100000000700
001000009080900032002173000020000000000000270014800600000090000000050063190007000
083007002002800500600100090009000065000000000360000700090003007007009200200600140
905670100610500000084900500000803900000000000008704000001007820000006051002085706
070500003100700086005000000006900007001603900300005200000000800240001005600004090
092000000000100500370089200000004025051030840420700000004590083007001000000000670
700004180004500003061800050000200009010000060500006000080007420200003900079600008
500000003000008970697050000000000028703010000000000100009001357008765000000490000
470000000000020007800500340060070080009045003080000002741003200000000000090200050
930400700080900030100000000000760081003000200710083000000000007050009010006001052
008902700200600140000040000904200870000090000032001504000020000071009003005104900
403920056590006000600850040105098460904260500060504000250009683849632715006085294
000380059040009007050000100135000000070060090000000325003000080500900040920037000
700000000002740580480900000030008090047090860090400010000009054076054900000000002
030060400000000500000000016006010780501700000902000005000307000600001002050400801
010760500876010000005000000000000090400006000027000005000800006200000081050129000
000004600000085004604090000200100700065030910008009003000040801300810000006900000
000000056623007000070100800000518000000000070000040010042006500817000000006900020
260003109009160080050000000000098006000000000300670000000000070070042300802300054
080029507000603000000000862940800600000040000005006094591000000000401000304290080
270000000080010006000803000009034510100050000040000700020500001000009072000600400
700009030000105006400260009002083951007000000005600000000000003100000060000004010
000070040000040100100002000050030900900000024000000300030800090805204006690001000
002100005008009230000000017300005600050614020006200009580000000071500900600008100
000000200006700000508600090067100020100020009040009630050001706000003800001000000
800610000020400501500080000008000107640000000007503900000000090000000300000008675
987000001500000008000060000600304200000000000002007450090000800258000010070600003
681000000000300000000008720040800970820107043073009080097400000000003000000000317
064720000570003000000106040720090000000000000000070086030907000000300074000048650
054630008006000000800704000002060040100020006040070100000207005000000800400098360
800050709034000080900800050008130040009000205026900000040700000000680000000000000
000100050900380007000096100060000079200060001530000040009830000700025003080001000
401290000000008140700000002850300000027000530000006078600000004083400000000065903
000000000040600890692700000004350000230080047000074100000007651083001070000000000
000253900200004070000000000001000000000000830590000400000080710089007040003100002
000000301008000000010934200001009000593000162000200900009187030000000400705000000
980006005370050100000700060060340008000000000720000090000205700000000000000008620
000070102670000009000009074320004600000000000006800047590400000800000016701090000
500004002901700000030096400057900000069008750000000000002005038000800000000040600
600000008002000070940000000001509800790000502000004009160005020000002005003961000
986200000004000800050000002060037000005100290100400030000003020570000600000000150
970500060000007103800040000000080900685000000100003002000000000000600057008090200
800210007040089100000040000000098005090030000007001409000000000003000254200000008
120038600000007080000000000007000000000301400040000295600004320000000000080023046
000006200002703009300000000049000010007000908560000302013970400070310000000000000
030040008005900000200536009060000000000085000000000763019000036300400091000000000
000000000000000046406000095020005001000910730007300000705430000000070309009100000
000700000900006004020095000000000840009200607080900005004000008030000006010008700
000000005070650000010002760006090308804700001537800600063000000000000000000408000
010900200000080500705004600000000006300000000960000370207100003080650000600009000
005008002890100000006004007409803000000000006050060800084600000010500004000000070
003002890000000007700900060000010005094000270300090000000001700000004159020500004
970006200002003015430000060046000000000002000000300074150080400000600030200004050
004320068020650000000000000010002000006801300037000800300000000062000189980000050
205009874008000002000000090000410020680050009000906430139047000007500000000000000
010570400702100600000000005000001000000000020075620390200000000569214000040700000
029003705065100000000000010012080000300000000050901003508000000000000500000042097
000004780079000000800030000002003960006080500057200300000020007000000890095800000
300000000008620013000000045000000070507830000201070080060009000000710860000003900
000006000010090060000501408200965000000040710004200000000000000920400100800000050
000205000025400000600000100000100070500000900003800005000000010150000790082070003
060001004048000090000000000000208700580967043006504000000000000050000260100400080
000000000000240010010300902970600820501030604086007095108005030040063000000000000
030509700000008010900001000080600501040000020102003080000100006070400000008705040
140050023000106050000007000500000700001090300009000004000300000020409000710020098
000000140009021083031406090920000000008000300000000062080104930650980700094000000
000000008650092010030540000007009800200000003008100900000065080070910035900000000
640080030250740000000000000015060007702354601300070480000000000000035048070010053
000000000020001640370020590096200800000908000008007160043050087089700020000000000
730000002942300070050800000000008024000090000860200000000001090090003268600000017
020008006000000340060190580000002050600050001090700000015024060086000000200600010
820100000001520000009006020002000007510070032900000400050600800000015200000007093
001200080500007004000100000400890060018506740020073008000005000800300007030004200
000000004094075000500004920082000050945000782070000640057200003000310270100000000
704050060000000000006100945502000009060000050300000802927004300000000000030070204
260190000053600100000000000040000507086040920307000060000000000004008650000075049
200673000450000000006401000080100000062000950000004060000705400000000076000386009
000000080500000000000289100080072600009456200007810090001745000000000001060000000
090800700100200500000050003006902400400030007005104600600040000003006004002001080
000000640008007209070200000000100860600309002082005000000002090407900100091000000
910500060000013005058400000039000004060000080400000650000004190500780000090006048
201000000000500007047020090006109002000807000900206800010080240500003000000000903
000470000761005000320000000050060010009000600040020070000000029000300168000086000
000000601300001050090300008076080000040000090000040520600003010080500002702000000
000000250002700004000090600007403080300000005020108300004060000600007100051000000
500029080078500000900000000024007000109865702000200390000000003000001860090780005
000000031904000000000508209609300040005010800040005602106207000000000106530000000
000100500804230100000000029002000030000546000090000700240000000008025601009001000
000003090820900000409010000080050400090671080005030010000090502000005037040300000
000060091200000000008920470002600080040000010080001300056047100000000003730080000
700189000201000005380070001002700000000412000000008200500090082100000506000564007
003060702126080040050000000000008200008090300004100000000000090040020637709030500
000539000080000031007100560000000096054000270610000000035007600820000050000856000
000005000200060000005081043649000001001000500300000426530490700000070009000500000
000000090400007100829010000000740030100803002050029000000070846004200005030000000
006000010050071000078000000040005006600249008800600020000000480000190050030000700
890700300500000097001004000000406000050273060000908000000600900720000003006002018
090007320058000000060000009000069087000070000670140000800000060000000190015800040
040060030200048000100000006478000000000306000000000579500000008000130004010090020
000000061060520040000100300020001007004203500500600090002009000050042080790000000
000001576000800200010605400000000042602000301930000000004106020008004000169700000
018029003000650000007000000004000006036285970700000300000000200000042000400710560
078901023000700006900000100706400000130000049000002307007000002800004000290607530
300005700000001042090720000030004000025000000904560000000053100040270390070000000
010000000304500000076090004700400063030627010460005007600030940000008206000000030
009007052003002100402001003504000060000000000010000305300900701001400600620100500
000080250050000010000600007070008109014739560309200070500003000030000020046090000
000000000005600012000804765210000090050903040040000058164208000890005400000000000
430080059008090001020000003080006500000802000006900040500000060800050700740020085
280900007359706200000000000000009030900040008040600000000000000004205319600001054
006108042004000000000004090042000050070692010060000230030700000000000100810409600
260018000000000000003670001120040503530701098809050012600085300000000000000930085
501003700000078600000000058600900500005080100008005006190000000007420000004600807
800000730000007000000190840200600900007308100005009006023045000000200000041000002
000000000000493027900007400053700000100030006000009780007300002490586000000000000
000000058800000100000370609300200000092534870000009005908017000003000007760000000
100007004000000019000008620240005107030709040907200036069800000420000000700400003
206300009704000000050200073497020030000030000080040297140002050000000901500001308
300500049000010000060004100084900000003621400000005320002100060000090000650007004
007010052604700000000000003100230070000000000060057008200000000000004906890060300
620000000000007020501009036300050900200801003005030007410300702030700000000000081
206001300000030008703000001000860240000000000092045000500000602800010000001300507
000790000000015060410206000007061309050000010103570600000103084090640000000087000
081070500000006907000050000352000001000000000900000265000010000705300000009080410
000040900070000056000029740000004500017090460009100000098630000120000030003010000
040701000600000170000920000050000760180040035079000020000013000065000008000802040
240000089090478350000000000700500000020309070000006005000000000052897040480000093
000000320000000009006349700501408230000103000034907105002791400700000000015000000
000050037740000800000030000501000009006007023038019000000600002000002350009000000
000040300080001429001500000076000008000002000009050070008000000300000000090108630
800300000010040070005700620049006080000020000300004000000000001006900800001005900
400500370320000004060000000800002030210840000000000090070090100040651000000070000
000000000001000043620000000030004500040007002007001400003060020900052001000708059
904500020060002000000860000000609700000007500000000300005426003300000060100000905
000040016720000000008000000094200000870000301000000080000620050300007160000800047
000002060080000791010006000000000000820600000000274150004000809070009203000030000
000000600000067004030002010000000805005000060000000097078300000100800009543076080
000010000000060009160050403010006090203800074900000800000207580520000000000000000
000000050020034009000065371306901000000000010091680000000009063754000000000000700
704000000050403260060010000000000000006032000000000789000005300800090000002000948
000004025901003740000000000600070490000930510008000000003000102400702000000000000
700615840000498000000000000000002000400000718506030000000000000030060002954000030
176000000000780000000300900002800040760010085050007200009003000000054000000000521
000720580009400307000000060000270801000080000704051000010000000402005900056042000
386004090007000000900010050000081000810502036000730000030070004000000200070900361
006349200400100090000007006060580000009000800000076030700600000080003004003218600
160000000000002008059600000094070010610000089080090260000001850500400000000000072
400008305000060104007000060970001400500090001008500093090000500802030000306700008
250104000040000005000370620002000070510000043060000800023086000400000060000901038
890005007000000002300100090070061000004000500000580010060008004500000000200300081
300000000100600230070090601000006078080000010250800000907030050035001007000000009
020057000400009000001400090800060930005000600097010008080002500000500003000670010
870000000040100070390040001000037008000904000400860000600070043030005090000000017
807600002000000800600078150098403000000020000000807920046730005005000000300005609
000000030050038020000600570109050300400080002003090706027001000090340060040000000
205390000000000000903007000040000750008702600700004030596000000000000060107509020
000000000005020000907000100000940500000000060000507801600005002004300016309010080
000000060000030047032500000600007005207010908081004000000002000000000001005870000
030080000908041000001900207025400600003017050700000000000000000000005106000300098
000700000000600704000093008040000356635000807010000009000000000200549000501070080
001000000000000560702034010000000000085400006160000980039000000000350420000001000
409210600061000000000000700000000000050003004210007009000004800002060070000059203
008100500006090000910000000840000790005000000700000204307900040000074008004200060
000080000000000000005603100701900004300018000650070200000120007970500000003000060
600007095000600000200005310926800000084200000000000000000000409000003000059068007
000080004008500010000070500046030700701000905800000006004200190600913000000000000
030000010008090000400608000000076940000000520000124000206000190000700000095000470
800570290390000000000200000001000508000496000000800000209000001008000070560000082
060000000702001400003070208970320000140000000000000090000000004000090300000286150
070005091008040070000000500010072600004000008097080000000039000520000000000401000
900100080070903010800000064080020000500001070001000042040716000000000000007092000
900000000000000703700096248600020470000000005000040006420008600507100000001000002
600030000000000070035170800008060000407300200006000000000405001000098730000000090
900062700005003000000000006700030000000009000802045009003501028040000005010000000
000002700030000000008007090000000005800000060060105904000000008045019030003400510
070029580940000000000000060401600000023900000500002400000068140000000000350040007
090003746040000001800060900000500000054800000000039100000020300080007000065000070
604100007500000000000483200000000030006000870080000001200800004060021300007030010
000000000020091000403000007546020900097800052300000006005000023060010000000080400
500300000000006700041200000000180506000090000090700004039010052400000100600020079
009000000028145000050670000000030000000000068500002309307800206080000000000001040
000000000760003002002640009403900070000004903005000020010560000370090041000000060
031006005600007000000590000800100002700000003040003800127630000000001000008400300
000000000080063004002000008005000000046002500000900031720005400000007093093200005
006000000000075600000203591050014903800902000003700000025009400900020030000000000
000000050046051800000900406030800000020300609417009000000068014200000008501000000
609130000000000010004000507400800079802000000000000060000003008200001903000429600
000197000040000070009000300800030002700902004300060001002000400010000090000524000
006035009251800600003000200160000000700391008000000021002000100007004352300560800
000000730000400005005382006007910060020000040060025300200879600400003000078000000
009053040000268700000000030230000450007105200095000087070000000004582000020470900
020000670000070010000904000200500007130080096800003004000009000050010000097000030
108000050004000607200003000000500040600000090000910700007300000000075060380406005
200000003080030050003402100001205400000090000009308600002506900090020070400000001
000000000000010000012304560000000000023000780047060120000000000031807640058000230
000000000000010000012304560000000000027000380036050420000000000068207150074000830
040028071870600020000000000004800260001040900086002400000000000060009043130270090
700020000001009060080400200006000050900000001030000700002006090040700800000030006
050000070200000006000456000007030400006501200009070100000812000900000005010000020
600070000001005030020400600003000010900000002040000700009003050070600900000010003
200003580000020001000405600000904068005010900610802000001508000300040000026300004
000000960500007803009810000000002380700000005028900000000085600805600009072000000
720000000001008004006402000060800000405020708000005060000609200800100400000000087
100000000050000061008000200070009000000010300400050006000098040002001000003602790
080049060070000000200000500000006000057030002600270000000028049390104000001000000
090500300562018000000000000189000600070000001000083400000200009904005000000001260
000036081050000309009410002002740090300000000010000006040000000001800060000102000
200080009000000065000000700070020350000001002800000000080000001501070286903600000
003000700000091000060003059700050300000000080200609005008130000020400006000000230
002000300030000007670000000000006100000000004700520060020304900090007080006908010
074000010000000407000007085000035870007906200065470000140800000908000000050000690
000180900300009750020000000700000000058327160000000004000000080032600001004015000
056070900040620080280000000000080000730000618005000020000000000070500049000048701
005070260700001830000000000094700053050309020230008490000000000043800006018030900
000000000000054830300008260005789002070200500600000000056010000020000054700040000
050012030000670049300000100000000000082397000705000000000000810029000000400035060
500000340000000001320071500970045603035000000600000000000009000200056700800003462
320047906006000000005090030000070000000901005002800700000000070603004000050026143
000050902059600000000004006578000003006010500900000824400900000000006480801020000
064000000000000002093080040000000709006000030010002086007008905008201000000049000
960000580040800060800002000000080720008070900074050000000300007020006030051000094
000400003000080000800000914703029000000000020006000340600050001400000700580631000
000040009700012400000900000200000300000000006078400005329000000800029100406003800
003008600410050900000006010840300090020005430500100000000200000300080260000004500
000000200910008300060009017200040000041060950000080001470500090009600083003000000
003407000050006000698000024030000008000753000900000030810000975000800040000501300
180530007503000000046100000007900001060050080300008500000002310000000406600095028
084006100000200000700010006010020300062030470009050060100060003000002000007300680
300009050009050083000007006405000000120080035000000407500100000930040100010700008
300400000017060000000008017730024050001000200090580063840600000000040830000005006
600021900012008000000000000090064130240000000000000000009506840300047200005010007
400507690000000002068000030650204009000030400000900000000800000000003007389400000
940000070200510009000000000020100003000000000069070014100205080008000040700089030
940000000008200930602100008000061000001000400000750000700008201019006300000000097
000800029003020000109040000400076003602503904300980006000060302000090600240008000
045006080100040060000000900703908000000000000080001500070600021008004000000090840
000000300904002061000090720061900803000304070002000000097010040500008000000000000
094030500000000810000045600960280000020004000000000000000000090486700003700008100
500740000900008000043190000207000030408030509090000201000073610000500008000084007
003014020000000800000038504001840002005070400400052300304180000009000000080490700
002304010537090000000000000010003002025908430800600050000000000000080794090407300
640071002082400000100000000000008071810000065230100000000000007000002980400890026
201050000000000059095640800029465000000000000000278190008029470950000000000080906
000107000000905000003080500090000070005206400100000008700000009006040300020000010
190000000862000030000007006030000002400006010600483000000230040000001258000004000
380000000900031000060005004200000170090000000037580000000000061000040350600070900
000200000007003004200051098500029780000080000000007023680000539000000006010000000
040200703082600000000001000090000000400027000000003061000005030065010000030000076
002018000000000000004000970658000000000009000000000051035400108200083006400900000
008274630200800100000000000000087040050000000006402000000000000004000578600009004
000680000120059000000100582700015090009030146300000000000060020000000003035000810
000807030060009710208000000007003090100090080040006000000000071000000000009062304
300008007070095000049700080850000000006000900000000034010004870000170020500200001
640000200058000030000805470060008009000103000100500060092604000080000690006000028
030000020009030500040010083010503060000407000005000300000602030080070040702348106
052001400080000000043090680006400903000000000800060000000142000005007820000000107
000000800010805003007300601050621000000000004730000000000000000080050910062007000
500001000009040500084007006600000020873000651090000003900500360008030400000400008
207090000500700008090006000000000000000600093809050764000002000000540000003001406
000406000200000004100000036046300500001840000007020010005030041000000000000507320
000207000018000005400000000080004102700000050000530000000060070045900020070012090
020560700001037200006000001908000000002078500000050900000004009160200004000086000
000007060030000000709200000000001240008000003000620510005100400047900020002406100
000052004960140020300000000003405800000001006800060000000007530100000007090000400
000010003602000000014208009050062080009485300020390040200603590000000204700020000
006700091009000062300000000000030004007200010400001000031008075000900000065000030
040000270086000000100000000000050000500210930001090056700035490900000000000600003
000002900030000004900130007000084005008300060000710380500000000000041000349500600
000001083000000006000270000907100005060729100100035900850007000473052000609304000
060000028000067100007800000106500040080004500040300000000020900300075400001000000
070009500100005000080020160000010000000097030600200018807060050009000300000000040
000000240000000100000327080706800000003409600010000000097001035120730060000098000
520006170174053600609271005005020006090760010006030004007592361352610907961307050
007000800020003000008100000006400000500000601000076003400052010900040006000000302
000027030001640000090000000030900028008000600005001300000008050000003962200000001
000017030200000800000030000000600209031000000000000005040000080900200000000500000
020000070000500040000100000000003500090070000000000108105000600400020000000800000
000900042008000003600000950000061300020709080001520000069000008100000700740003000
000070000068000400000002681500037009900000300001800000100000050000006000070100806
200900861301260750060001320542010690630492105019600243000120036026009510103006002
006000210000200005030084070700000000100006030009800500000700000020003000001520600
002300605930000000400076000100800002000000000000067103004701380000020001060008400
000501030601000452305400701547000013230174500108035247000210305050840100010050004
009006400063800000000009810120000040000000051308000700080200907700090000002001000
920080507300907006000000800004000000600700305250000000000019060500200000809600002
005040032060009400000000000010020008004050600000000073300107000049002060020000005
010000508000403000056700000000020080400000302200376001908000254000007000000000003
054017300208406000000000000090000045006040810000000002000209000000000760030700000
300000800000000054000600000007003205000070400010804006800500031002180000094000000
600000090008430000070000003000000000815000020009370010000003700004060008200000041
001007543000008609020000000006000700700030000105600004000000301090004000000200096
000000060103070002002000400000590000060008000700400000037000095084700010000050003
000000570000400000009007000400700800076503040000000002600300000537068000010002600
005080000000000006400001000070000080100569007600000053714000800003094200000000000
000060000000010863003009000904000000300000704570820000000006580690007000000040030
061700005842095000050060400000000030025000000004100026000000000080000067200000349
500390081003060000010200000000700000002900058100050090805000060000000009900008710
000000000000290050002754930070300805200900000000000060400000790006400023823000000
000006003000300047106009200002704000000000000600002109009600000045900008000040000
060802735207635408385070260506080307008763150730250684802006570650007800173528946
204003587030000002008006000000000000020004039000090006590000000040500010610309005
000000600003800009000047031030708500000050000025900007169080000000000020780501000
003721568526849000871000009100500000280093600630070000300017090700000304002000076
062143050100508030500709000028015400405602003016080520609851002250006001001230695
000002007000008000840053600090000000600900081304000200000000040100000390030060000
007000000500004029040001070250000000004000090000103800006040003080070100000600082
890000070000000304100603000080020003029036700600000000000068000000207500905004008
900000035060070089325090000000001003000000894050800010000020000000500000207403100
000103090030090000000000500050007002607000030140200000800000007900514000000020400
290500000000003000000090305000608400826030500300000900005340021017002640000000000
600000070000020000058001000004000002000100906597040008920400600000500000006803000
100005800004000000070080650407000120000900006000000700003100009500090300000057068
000592400004160090082003000600300080000004700000070105007000006030000000506001000
050102000003000206100000009504206078006803150000040600805004000000000000700018000
910006700000000000002003080031700000000000000008620010003004050009008103000050069
001859602500002004000700030006900203089000000000000000000000000000067001490301000
700030504090600137000008000800000000400005002071490000006070005080000000000000671
000102576007000030951000000000030000000008400000540210009800147200000008010300000
908000000060000004000008920040003000680000401001000006800200040090305700000804190
000010050015029003000086400087000100900000000000000006096000000200005049400308065
025100000000009030400708900040000800150400000000060004000000008263040000080390106
700200000000000000001500792470000000092007006100052000200180063000030009500000001
500900067001000050074500000000020000000600008080019300000000000210060000930000705
020010000000000570060300000000000000000003402590040018700504000000208941900000000
900005000001490206064003500300701800000060030000009004020000460480000000000000002
000007500040200003160000000000800000602130087070009000205003900000092001009700000
501007090360042000009500700600000009090080070200000008002005400000720035050800106
000003400100000206200060009050290000040806070000047020600050001308000004005700000
073000009514092000002000000067059002800010530000000000000140900000008350000000107
000020000008000004605003100040009060800060000020800010000204537030701200000000000
600052700400003500000010000000000000370108040005740603008900420000000300002086009
040080601307050082001009000020000009000540000000000076706000000008600050100000008
900030000003000005080000016501703200000004000000100690800049072000210000400000050
600000002390000004000026380150030000000500000007900000000003000000018247000240001
000700600000000090294000018000073800100000000047260000000500062001000000903002180
000004000739061004020000060000007950000090200000000083680000000000009400201000300
004800600000010500000205007040007090800001000610000000050030920000070080000506000
900058003260000000000060090000000040040001306100600000000000700001083400005914020
000000215801009000000700040040000000008000007030060000107002000002080900000000703
608700004002010000370800105000008030000000000756000000097400050000120060000000002
900300010041500900080000007000970620000834000097012000800000030005009470010003006
000004700500370060230000004700030840000401000084060003300000059070093002006205000
000080000050006004000000706200009001093200600148300000080400027000007100000000300
000000050000080307000706940070041003094827560100690070087204000209070000030000000
080030100000002300006400075309020000020501080007040002700600000000000800540000007
400900600700400002060037094000200005010000000070008000005800006030006070000000040
520006170174053600609271005005020006090760010006030004847592361352610907961307050
130060090008079360000000080500302400900000006001605003010000000064930200090050031
068000010002006007950310000000000302500840000030020004009730000000000000000954080
020300000000000804003000500000200070500000600000100000010060020800040000000005000
073000000000030000008000201000700806000628403200004050509000000040000000000512300
400068070520000900000000000001070000000500200040000000800000006900200000006000030
000500080000400005100000000006030710050200000000000000300017600020000004000000000
007800090010000006000000000300000050900002000000010000000570100020000400600900000
006000407201040600000002009000008590000000070320010000109700260000000004000009050
080103070000000000001408020570001039000609000920800051030905200000000000010702060
400005000001003008000810600025900003047080560900006240002071000800200700000500006
160500000003600000489070000804050000050104080000020304000090521000005700000001069
000060390007903080040000002020006001401000503600700020100000070030405200094010000
000083400048091005300000009500000030000704000090000008800000006400160870006340000
008761400600000003040080006900400000070000040000002009100070060300000008006953100
000000050906305007030070400870001200000000000003200069008020040500109602090000000
000095180001400309000200005650009000002000800000100054300002000806004500014350000
010700009800050000000009086130500002000172000600003014520400000000080007900001060
081020000000000009006800040003100700008057916000000004500006092230008400000000000
460020010300009000091000000980041072000000000720390064000000680000800003010070045
000300047070840260460010000630000000000672000000000015000090072094068050750001000
000008900000620010000000638700004506010000040409300007951000000080041000006800000
204790031680004200009000000090000000708060102000000060000000400002500016460081905
000000000300040796050061200030000400002534100007000080005870040983010007000000000
090840300300007040200000060000080795000003600054001030409060020030000900502730086
001008042030000150600000800000000007000400000004063098000000000000020015950700360
000008007000049600080500000000000500700034900000000034900000056200003400040070008
900008000007040008084300000160590000005000000000080072400051806000030400000000090
000050000001203900050007000900020008060708020400060001000500080007304500000010000
004503020000087005000140000103409000800000000006000000000000091705068200000050807
000087200510000006030000000000500003007040000100000000004000780000100000000000040
000000005060400713082300090007000009003604100100000500070001930938007040400000000
870009004201000900900056000060870000700000008000063070000630009004000306600900057
304020080006000000050070300000680020000034000060150700010000000009000060008217005
002100000000000000010009280400030006730500000000097450020000007870204900000080000
000000940040005300000078002509007000000000003710030405006002754000000000300000208
000600510000000039370090000004500001060008700200731006680000000000100000000000805
003000902005090030602003008000050000301260090000308516410000020000005000000000600
400003000030890000008120004000005200160000000000001346002000900700040680800002003
000086100000004025000001870508000067000003000032600510001200008900005000000000004
000000900006400205370005040000102000000000000004390020000008700152000008080013409
160000020005106000040000008000000000007609180080047563000000000706900001000008956
002900080710300000040600903304700000060000030000008602106004050000003064070006100
300000010091080000820500003004329000000000000000874500100005064000090750050000009
730010000000037001002800030025100000040070060000003420010009300500380000000050046
340000000087500000002300080059700001000010000800009620070008100000001490000000076
004002000020004030500070004680000400070020050005000076700040003030500060000900800
028000000070090000000000100600030450000002007100000000000708000000000630000200000
050001600306002000009300204004530182000804000805120400601005300000600901007210046
100000460349600000000105000000000073560090040000200000050070030007003901901000000
020050070300000000007106300000301600000000010006207000001900500870000039900000082
005200090200500010701800200900000150000000000012000007009007501080092004060004900
800405716001007804400081095980070001105804907000010082010050003000100609306700108
704000100000000090000020005006503080000860009003090007040007000005030040017009002
185026370060000000097008100010052090000060000030179040041600950000000000056290700
001004060804000010000703000030002009000090000600100040000506000050000401040200700
004507000003600080600080004000100070500708006080003000200050003050001200000406500
080007060700940008000380700070000100018050940003000080001065000400039006090800070
204007005090000040030498000006029500000000000009350800000974020020000050400200309
000000003600210000942030000263400709800000020000000004007004090000906310000000007
000200000700060059000400800470000030120007064009600010004000006000000500050090180
004000210000805000020000900035900000200060300000007008960040000003600090000103006
500009300100748059002006010003695000000000000000000064000004090001350000060000103
072005600030820700060000054003600000000000100900070000000041000000000090596000080
008450006003001000000000870000000048020103700060090000900014030107020050200000000
000090000005000007000004200007000400090168000080000013003010090500900070200036100
000000008076000039405000107000607010302000000001800090000006000053000004000001580
900007041450000002000100030000304200070000050002501000040006000700000086260800003
080000000001000006490050801320007000047080250000300079108070025700000300000000010
000501098010006040040080300803009100000000000009700605005030060090600050360105000
009056000070020030320007500000002680700000002062700000005200014010080070000130800
040800210000000005098000430005100008000723000400005100021000760300000000064009050
003250000006007000700000562030500020500000009060009040649000003000100700000032900
900600704105274900040000000000160009020000040800059000000000080008923401401006007
400001800000007004005204309039452180201938005854716932500843201312679008048125003
160049378700360104403718069210004030004000000076800001931456782607083005800900603
038460190196080403045193086682304901374901860951806034863019540519640308427538619
901200005000000008873065420410700000089021003037050100124007036798000200356042807
320089700509072138087035296750890302890327001032504987208903070003750829975248613
080000400600009000010085020040900002008042000000000650100200890070000005900001040
360009000000070080400610050100700200000040000005006001050087009090060000000200043
004030000020608040007400508050000380400070001076000050603002900010304070000050400
058090743390040060010030980083900070500000039920304518849012350000003894035489020
980000000006050000000090120800109570000020000062507009047080000000070600000000094
400070060009500030310200900090600700000000000007008090001005073030004100040030006
000002075010000000000190400906700830000030000083005207005074000000000020120500000
100004000960007240005209000000000500714000382008000000000801400059400068000600009
008020000400000080036940005900000300860392017003000008600035170070000006000060400
042007605750004000000300000300080000071060840000070009000006000000700063609500410
300040528580000000002000000000074000010000350050600040078000002100200000039006800
760000090000000000000425360006500200900102000000070009000006430049080002010007000
010082500000005038000100000000600275270438000006000000000000002000003980040016000
000010400004000007000008329098706030070082000050039600500090001002000000000000060
006010030207000090009602001095073602001905000400000000000006008000000000000094070
740000001506048000009000000000090140003000009020600000400000002000700980061000503
704000000000000080008001035149060000000050420000000000000095000900048060060027010
200900004800002090000065700780000000000000001000208405000034019061000500340000000
807000040059002000003006001480100067000007810000000000000790050000000394000200080
038000009200100000000000010050007000473000005800209000000060430000410080700093000
000100003000870604410000870030000028605000000000045106500090000060001000002000700
001000009060004000000130006450320700700006800200000000090000263000002018004003000
000250976000009004080700210000800000000030650034007000547000008090000700000000001
284000001000000000000007020000705030005610040030000000000000563000042090519000004
002008504571643000004502700250361040016400200940285106769854300400120600125036408
570000019089001200213004600000039007930507000758010930867000040100008700300170002
070400690008200053600000000000000004000090500300000001200367000000000205106008400
000200800000900004052070000300000006080750001000000038700020360490000050020000000
600501009000400700003000640080003060060000070030800050074000100008004000900705008
030070450072800090000910060000500000300000007000006000080021000050009240029060030
093800100080501430070000000000205080005060200060109000000000050058306020009002310
003001000800000000051009060080000290000700080200040503600900000002084000410050600
002000376010030500000000090900850001000304000200097003080000000003040060147000200
030700805597200000000000000000090507000060000000000083072003960040007000063800000
210000000000900004000407000000070032000600000048021006420009860009108000106000009
052000000800004012010700030030009456900070000100000900000500060300061500040800000
070000000400000000000502130008009412000000000042300060060270800001908340000000000
800090602050800040306000000000904050200000009030602000000000001020006080408010005
000000000000030605200105040000090300060700500010004002790600000500000981102000000
302650000006004000050000030000020000000900800005106000600030920000000004014005006
048000000007400035900800000000008200300570400000200163689000010000000000001302000
000000587790052001504100932000000020206030105050000000947018200000760019610000000
090041876780300154410800329009100060100060900674008510967485231040012095521000000
240170000005000000030482000002003008600890000000000096000009050084000001300000064
000080200005000040020005000000007000000210097104000030000000000097300520008051360
000045000008100000470800130000051090060000070020630000093008042000002700000510000
009700082072003000310000000000350090003102600080064000000000067000200850790005200
600000000002001940093000008005300002030102090900006500500000310081400200000000007
800021000007000500013800000091780005000000000400012790000007410002000800000640002
000000069080020130010000004000000000040009070067102900001000080300000000008670205
000600504470509100000000000708003040000005000090018600031700290050000006200000000
000000000000910705504000000000002093005600002310000000800700930000000506020309000
000000000000100602050007490003500000006290031074003200300000000000826000000000010
007000004042000980009003600983052000000010000074360500000800000005020000000009030
000000008000300000000005470000007010491000000000500000020090850007600002006038790
030000001008067003175040000600001000000000008004009005810000000000200080502304090
059400000370061900000000000000000090004800507608010340000004100125007000000020005
020038000000000007700040152400000000190060000000007590017800300000020000062900000
008500006700400000500072013000049000000301580070000000002004070000000031103200000
000000126070000000201000500006030450009804000000060000800570000504006810037000000
936800000070000000000040000089200000000930007000006034108000000590000016002000409
030708000084030000600000000000000042409000815250000000093005008000020007000014050
963010000070300000000002700709060000000000500030000090000030002500086003000071846
010000020078009500400008007390100006000000030006000900000003000030080090001602005
000080050903000000001200003002503600070410305100000000000000264020000080000050000
005120000070000080080000345000000000000600030402081009000000028009040600000800704
860900000000000000001478000708000006542003010000000030083065070004002000000004603
005900003703801600000030180400000050006020900090000008034010000007203401200007500
003000620600020050000006007000010006581060294700090000300400000020050009054000100
701000000400030070030100000010004309970010048308600010000003080090040007000000506
306400001000200096710060000900005200170000064003700009000080042230004000800002905
100940050000005010700000200000030091008754300360090000001000005040500000050076008
007020080390000007620100000000806009009070100200903000000004015100000046040080700
302000010000970000000000000500080600001500070080040000900001027010400000005007900
400002039105300280000000000000400908860000000079000100001230004000900000000108000
005004020200008005070600800651700000000002000000840000800200300000000000030590004
000050760705000003000086020004300000006090140000020000000000050007060002839000000
000037010000900040000140600400000378780000095513000004004052000070003000050470000
060000080300420600090008000008716005000000000500894200000900070004057008030000040
200000000000070500703506200400009700160030082009600004006704108004010000000000003
060290308500000000300040100000003020036000840070500000004030006000000009708059030
000450100000092006000000024020080007010947030300010080130000000600130000002065000
360000040408010000009007000000500460700000009035002000000800700000030601080000094
548000000030000800100000003072008600000000300000047009010300020256900000000060700
600910520000007000000000000000000000500004016008600405040000100930860000005041380
600150708070000040001400009700605000090081200080000000000000093400090100000006007
000060100027500006000004308400007980000050201000000000004000000061900024030001000
002800000700000030400305006800400067071500000006000009000049000007000605200000070
006300900020000000000000053000809004095100020700000009840032000007040000003901700
080200103000070000000060040000100050700050390200009716563000000000000009970020500
500900000000020409800700000000000600020000000406315000010670042000003070040000086
912470000000000000003000000007000006340001082008500049000002300000090001020080050
000000000000600784010048002030072900500000000000000410460300820800020006009005000
004000000002048600100000809001000050235007480640000072000700090300600500000083000
100080540400000000508030200000050000003406020605009134000000800000500001300610400
100005800400200000002000470000006003000070910290000000004000200000048050000100080
000000080280000030009600704000049200000000005000183090327006500000000070408950000
050002009090000000000607002082570000000004000467000900000405000000018600109000020
000000000001640080000010724009073000020100000687900010196000200000000670003000009
007065000010008436400000000000600003004020001000040200001000007000002000530070910
000020600209000001040307800074100085000000000000400062500000000000970010016000000
000000050000020100003800000000600002200408093401000085100000000006035907745000000
906082000000000050000003100040000001000006000000090040300710400070045086004000200
000008609150009000406010700071050080300000002000002000040030000000096000000000406
010000005000004006360000000000029400170000000900000310030070200000300094804006000
002430900030700015190000020200000006940000000000000740309000000600010000080500690
000030940600000070000600100009500002002073095150042000000050000043000800000000260
000000000430010709605400800000027030093604210020930000004006102207040053000000000
030000400007008000150009020004080200010040070009060500060100095000800700001000060
520004700070600290000000001910200360000000000062001079100000000089007040007100023
000050030040000708000709065104205300050000020006301804260904000409000080070020000
300008760000900028700300054040000200200080005007000040410009006830006000076800003
040000000020650003500003100075006004600010009900500620009400001400082060000000080
040089200065200000009000004400905000950000017000108005600000900000001740007890030
000000000000305046600208510200900003009000700700006004045801002980703000000000000
000100008002000950086900200700000000001872500000000004004005830075000600200006000
508100060000090400039080070060005000002709500005800020080051340051030000090008651
004801000009003005500000830000002700700589004008100000036000007400700100000306900
034500006000008000000070209000005400680000013005200000401020000000700000800001760
040100009700040000060508700200004850000000000059200006004809010000070005800001090
008030600000092100000000082800003061009060500460100003720000000005620000001050200
000070090429050001600000000001004020950063000000800000006005000030201007000000004
400003000008000000160094000000000000700051964501200008050000400000002095310040600
000000150050701000000000090300090010007604000046510007780030200000000000000005400
004500801000300070619000000000609000736005000000040002000000023000002100000407000
800003064030850000050090800000080009001206400400010000005060070000075040760100005
000078400002004007700000050060005003907010605300800020070000006500700900006380000
520890100001000040000006509980400300000070000003008054109700000070000600002081075
060000700000700056007536080300060090200010008040070002020389100180002000003000020
000060200016800005000003109000000037000715000650000000308100000500004820009030000
020050300094000000600700084000840100002000800009075000250009008000000260008060090
000000904000100082000074056920780500000050000001096028730840000240007000109000000
810000700004150030070800000489010200000000009000003000005000000097538040000200010
507000010000560087004270000000000060000000805000050042032090400100300000000002650
050000000000800302100600800564000000080305194000000000000200000412030000900007080
030000002040602700800100060000000507090040030408000000070009006009506010100000070
000000000040900050006401073070080900003104500001090020430605800020007040000000000
037824000640013000000000000086001200100040007004700150000000000000170032000635810
000054930000000002000390100608000040095080620010000708006075000700000000084920000
050240300400000090100006500300400180020000030091005004007100008010000003008029010
000000360050402890000093000438000000009508600000000284000320000016705020072000000
007942000300500040000000900082030061670000032130020470001000000050008004000415600
100050069062009000000800004350002800001090400009700015500003000000900650210080003
087040000064005130300000004009060000000301000000080200600000007052400360000020480
450100000190072000003060000064000000805706301000000680000030500000250019000001063
004006103000070000002005070076000090100000002020000380040900800000080000205300600
306002089000000000050801000000000502000000070200006040670004300000093005000060400
000100070000807600003050000000009000400070096680000000000080200500300047170902050
008001690000000350090000000050900000700620000040000980006410005400082000087006000
000002501860000000002001068009000070040050000000400000400760200050010080010000000
500410068600009000140000050490002000080000020000700095010000072000800009970061004
060000048942000000070900050006190000000030000000048500050003070000000834320000090
000000006000007290000300805900020503250000014306040002703008000041600000600000000
000000900046100703050000040065000002010680009009270004098000000007503108501000000
000060030036080094020049600000200500950700080000008300000001000065000000004000708
120086000000000300450000000000060000005700000600024783231000006000050917000000000
000000000800007031002300590381040009004070300200090146053009800620100003000000000
200000010008402900057000000320089000000000000000570029000000780004901600060000002
000650028045803100030000005900100060020080000006007403084000007000000000060000030
059400003307506100000000900000004300010070090004600000002000000001302509600007410
000300108050400090390060007034200000000000000960030001008710005000002000040608000
007040032000000700000910600830769400500008000000024000080000001003000000900000064
000000007008000000300000005000009020006810009802703500900001450120040000500280010
000030000000000809700102060600007000009301002000000000082005001005043007904000005
000000081006000400940081003005100004400902600000000902030590000000070000060000050
000000046600320000000000080900002000060090000004085260080010000295000000040700000
035040000000320080009601040000000067807030000000900000002006801004090006000200034
000008960100700000067500300210007800004890003700004005021900004000000000000000026
000000901800070000000000000430500000000080570010000600000309000500000020000100000
000038060054000000000000000000070200010500000800000030000600501009000400300000000
000071000030000900000000000020300075600040010000900000104000000000800200007000000
000200610400000000300000000010930000000080004000000700804000030050000002000600000
000201000040000090000000000000750060201000000800600000090030000000000103000040800
091000000000400050000000000720000060000691000000080000300500000400000800000000103
200060000030000090000000010010500000000070400000000600600000250000309000800100000
700004500390000000000000000002000600010900000000300800400100030800060000000000010
090002000600400003005006280000800004010000000000027000000003410006504302009010076
309005000000360000045000000010000803400090000008700016056800001000000002104930005
500000000002409100100700000000000090009052008860900020020000030708000600031804209
804690010907002080000000000000200090000005032005906000000000100070000005320007908
200010000008400007954000020007000040090080256000104300540000030300950000000000000
408010000600004200050000600009435000020600007840070000000060000035100000000000371
001600000000700010000903750030598006800004502640000000700000309200000800000000020
000000005900035407470000000000000083000794001200000050050600000080000000002007368
030000000001749008800060100000001670026400080040070000000000700000050000000802509
000000007009400000003256400000305010000000000250900000004000008020009570980602001
060500201100000000023900006640000000000027090052000080000000060001005900500070100
040087003000200850000001009700000004080360005059000300100000000003000001000040020
079000006005001400600000000000008020098010000010200054000000068850400203006000000
040005900006400000005290170000024003030900601090070000010000000000000400000002068
000060020394000700200004100002000040060800000000609000040007390001080002000000510
009408000006000015000020000000000030020657090001089500483000000000092000000000060
000006730000000408700500000500004800000000000062070001050089000600020007010605204
070000040905400080008760000003009701200000000800004960009308100000000006530000000
032010000000600704000009000000530000700000800000000020200400000010000030000000500
006840000200000001000000000000060540130002000000000000720100000000000860000000400
300000007000980003050000020001000005096801200000023700004000009000710050000000360
080000090000028300003906540400090000000000020000800000006030805307000000005409700
000000620092703000000100374071580000000200001208600000080000040107000000000004000
005040010008032070040000309360000054000000001019650003000720000004090000000000000
003000090007800006060000001000000000000450000450061007008109260900003000000008010
000050006600900203039007540095000070000870000000000100000530000260098000000000060
300080100008071000609005000000040908000000254000009000060010000200000005050090702
000000070640000008800027900200670010003000000908450260000300000000006000002089000
050038007000700050000140002008000420107000009230000001500080000300000960070400000
040000000007200500900000063000964000005000000000000102810007000000005086700300000
005000018300900000000000000000500370018070000020000000400000900000600400000010000
000000000000309000000007149000000031020008904096070008008000000032600000000900720
009007000000600003000521800014005007083000200000000000000080640060003001700000005
007063090160700040000590000000400000790000300830000002010307000000001700300800900
017030809850000000000000010000007000200900000000400300002304700908705060005060402
000760090006030401000080030000000000000470002235100040493026000820000003000000000
200061000700000600601407080000004000002876100000300000080609203003000004000580001
000070204810090300507000000000002001003801900900600000000000508008020013709010000
041000000000000009006508000300001028015802730980600001000304100200000000000000350
000014500000000006084700000003007008760342015200800700000009250500000000002680000
000000108500200000000000400900000050000340000000060200000605070041000000000000030
000060300072000000040000000000200048000000070000010000100005600300400100000700000
000070140300800000050000009620300000000040700000000000000200095701000000000000000
000080205100900800000000000090020000300000010000005700700100040020000000000300000
000400030100000800000000000500029000010000070600000004007500000000080200034000000
000520300601000000000800000700000064080200000000000010450006000000070200000000000
007010000020000080000000090000000760090800000400000100500304000001000200000900000
100200060070000050000000043209000700000004800000050000040030000000100600000000000
024060018000000000000930000000006300062400001007050000000890700006040085001000003
000004705002037000000020068050000403810009000000046100000010504900000000080000006
090000250000200000060000080004020003726400001500007008000084070158070000000150000
010008060090600020400900100043007000000509000000000035000000004000081500001095008
750080001209603080008000900000004370000020000093800000005000200080205703400030059
027943108304070200900000473205000310000315024103002000430006580002830641806004930
100000030020070000000020008040000700000600050000300000600140200000000004300000000
006005000020107069000003000008000694600040000100000008000900430002508001310000080
541000000000000045000900003000000891000000000600397000007000000000053600304026007
039500008500000002000020400041905000900070030000008570008006700000000000190000000
075000004800700650000005700000086409000000000104350000007500000019004006300000270
840700006100000900062005700008002005000608000200500100009300570004000009300009064
000000000058003064046005930009580000010000080000016300063400510980700640000000000
800003000031820000004100000000070063320000075710090000000008500000035780000600004
030000000470809000001600800017030002300000004900050780009004300000208069000000050
006007000000900456000000208100850300069403820007092005602000000458009000000600500
468000000070602000200000800007009048002507900130400600004000003000301080000000529
000068070520000900000000000001070000000500200040000000800000006900200000006000030
090002100000730020520000008103047000000060030800000005706804000900000000001000004
879000000205900003010000000360870210900410000000003000000200000000367001000000059
000050200300700000700090010900100746000000000000500009029000400060004000080002301
020700000000100000004008703000000001800090000000034020008000390006052000900000015
600025800500370009000000072000053000060209040000680000350000000100068005009530007
007430605320800000040061000018070000600000001000090850000640070000005048904018500
007650012000023700920000000100000020700402003030000005000000056002360000610097200
008400000536008100000300002004000056900642007160000400400003000005200768000001300
370006000004200000100000020001890030630521094080064100010000003000009400000700059
000040900003020000010000000000102003400000080900600000800007400000300000000000050
000041000070000500000000060500700680090300000000000040401080000000200700000000000
000102008030700000400000000500040600600000020000800000000096400081000000000000000
000600001200000040000050000006700500010000020000300000800024000400000600000000300
000902000100000000005000000080000070000030040300050000090700600000200501000000300
051000040000020300000000000300800900000504000000100000000700014060090000200000000
005000000000002680700001400000106800000300000087000103801204300030060020260000000
060000070000845602000730000830000205206000900570200000000000000000078056600059103
050000000060504200008071000400003608000000000890100700300000000000207010072030090
086040000200000000100076090000407000800090000009683070000752008000000045700300100
002000095089200060400050000001800020000000009090621008008913000000000000000400380
085000060000004700030000100000000050600043000070820300000459670000000000904160003
000000476000860105400050000300000000700080010009120000006003090000710600004000800
000900000604107050000025180010000000003000000802609730009000040000250007540000013
070000813012904500000000000000000790050060200060800000000045080004090000000201050
070041000194006000000000006000009783030080010728300000400000000000400825000170030
900000600001006038706080000000000076004100000050947020200000005000250000000090001
000007800016900070000100560800000000005003000300040200070002000000859002400010030
004008675020000039370050080000000007500016090000005000007600000000900003240000010
100002050020000003004608007200000000007400906060090000000006000000100080005003204
701008000695000000080900600000406000000000800000500260000000009079001000006250104
000000031096000702500000000000000800709400000000032900000008005032050010001009087
000000930002700005700000800000003000040090006008001374005087190000900000060000000
000185000083020500000000007260050703009000060730000000000006059040000002007900000
200010000017000500006754020000820050000000604000071000600003000000200790009680000
300000700040000200079030468720000000000000009091000000100052000000701380402060001
000050000500006024000183500301000480060000000020010700000700002053061000087000130
080060000007008002041200870100000900006000057900006300009050064510000090000000000
070800030009701600801200000020000090000008200000060004605000083000000000000400720
000013000000200009301840200968000020037900010000004000000000008009035070010060000
000502001000010080800000400000000030941300807780050600000000000075009002008700000
800325000700000900000000020093270501000030800006000000000000130004907056600000000
001000007862000000900600000000050200790003006000004801024038150050000000000000002
000000000000000107300600000900800000020000810060024000008007590007100320400596000
195324687407865901680179000750936018906518370318247569269751843570080190801090700
357496218892751060461020597235647189709080605608509720170965802580000976926070051
185204000794001025632975418276003501519702803843510207421350080907128004308000102
002635100103287600500194020421750069005426001000910542834572916659341287217869400
085193607100865003369472518054231870038957401010648035896714352003509100501306700
542369100673815942189020563734698251865201039291053006957130020420900315310502090
320006480068401235045823690854267913030185742217004568470002859082009374593748126
024060000507409010000000000000090070400008503008007060000000046006003007050700100
000000000200000349500039260090000000004100080000598004001820006000000700003006000
000200600670008000085300000000006000500190002004000790000004260000700803010002900
003407060400005900027600001000000005910000080200780000600250400040000000000100003
005080034000306502000200000042001000060000300800700000070900800230000001000002063
940005100000410000000700020160070900008000400000000051806924700790000000000050200
040007080002500000300000000000000690000304000023080700000000004001008000098610020
500030004031050900000006050000300000408000600000009520004002107002010000070000096
000080000000400000000125640720000006004310000900000080250000038690007120000000000
000000000600500180083010000000957300060000092000000000000000254048700010002300000
420080001000057000008001000893000020500000000010000690059010003000096450200000000
032409060040601000006030400004020006009710003003000105000000680300507000400100000
900170000401000070070003100140006098092481730380500000004800020000000607000060003
000200804000900301100000000500306010000040000000008000084635100000700050025000000
700902005300100907040700080103200000000010030004600219010000000207300601030001008
000043000000050008072100000090000000005000010180300000000001067007009100300065920
900007068020000903004000000200000400060080002803900710000005097307600001000000000
004007000120000700060100080046780009009000004530690010000432500000000000000000008
931000000605097008000000000000270000024000056800000000000508104000000000089300060
000590048200070019090014000040000080002700000000006007900020700800305000030000000
406000070000001060000080000230000000000340000000800950090000000002057610500020004
000000008003008650005200301700103000054000000000000009080300042309874100000000000
001000340400006970000230000900050800000608000008090001000045000072800004084000500
002050003008120004710000000000007080400862009020300000000000048200038100900040600
007005004000000016000000500300900000804000000056378000000002061003469250009100000
000030000000200057700000810109005000060004030000082000008700004400000080037001500
000000000030070809800003150908142000000000000500600040104200000000700006080005310
967000005000600047100000000003009800205430070070000060001000000000502080700000402
000000290906030007000000400061300040000060000803050002200007850000080020108905600
000307210000200000009060380806001000005000020090000068043570000700000800000000500
000860900080091003105020600561000000000070000003000000900004500000059001007006080
006805100000000036010000800050380900370060082004021060009000040840000000005403700
000090200000700184005100000500080030060000010080040002000006700924007000001030000
103004200084700300720008000638000000001000800000000493000400032009002680005600709
050006030902000000000000007096075103075080920801940750500000000000000801060800070
430501700500702630000830000040087000005410270000925040050270000714058002003109057
800400600502000700030007020028070000000306000000010540010700030009000802007003004
186005000000030100000009005870000300630080052009000067200700000003090000000600714
010800002804020030002007400097001000000000000000400620009600700080050201400008050
000002030057900600400600010900060000510000026000080004070003008005006170090500000
100000700807309020000070084300007200000040000005800001590030000010204605004000007
000000010900800300000794008603500270000060000012009605400128000007005009050000000
000200900070080601400000000050100009008469300900002010000000003806010050002006000
000008703008200500000010028080071930000000000096520080840060000005007600301900000
500008103020600000100500600007060020600802009080090300001007006000006050205400008
200000003038000000007030182020900500005702300001006040789010600000000930400000005
040000000105402060000080405089046057000000000710950630201070000050604302000000080
406300009390800000007092000700004020500000001010900007000140600000006058600009704
301508700097000000000000603230900010000010000010003028503000000000000580006705209
000120000240308010000004070024003800500000004009400320010700000080501049000062000
700009803600058900000000000050007001003010400200300060000000000006980004907200006
004000097650000021910007304201030000503206000000000000000600000000174600700090010
010000049009315068000000500000096000000400020030000000060007800000040006705030004
000003000000020860867010400003500201718300004004000000000004705500000000000000090
300009742000500600000000010000000061109860000000003000001020030040005007500000028
000080016846970000000300940005400001000020090064015002070000309138000000000000000
001008020800090640502000007080020000000009003000410000000000000060900510007140060
008307009260000300000000040300052108704008005050000000080006007000005200001000000
008000091062030080000000000000002000070000035809053720034600100001085000000000900
001590000000000090020073600042006078900087500000000009500012743130000000000000000
000040067009008004004003000000000080070002009610500070200000000003000040100204300
500040902000000041013006500000017020300000000061098000980000005000000000000084003
400700089500068100070000000000802300063000050000000000000000004091007020020900810
600005003000709105210004000021900080000003560004000030000000200000007004490000000
000032005204000700000900008040259800000000050016000000007000009800000430600500000
000007200006000001080062300098000000030070000007239080900000020004006900600058040
020010089304009702060500000008041005000000120930000000400008000000070240000000000
906000000041000000000000070000060003008910740120800000860032500002000006057000030
061007000000685900004200000000000057047000060080030000700009030350000400000000200
023759006870260590900000720000040970307096002000027000500470000000002000080005000
530020900024030050009040000000014827000760090000098100000000000006400009172050438
030000000870601903040000020200806000009000100000150000400002005000008010628010734
120079568800002090900000000061007900390100000000960400002090000689000140000800029
020405000000009000000030280000300849300804700400006523001000000640970152700000300
000390072003000095970005300000000000000100200307048010069000050030009820508700040
000060001030200600800490000050000107200000000704000030600070500000602008002804760
900060100000001090000200076002385069080906002069000080403600000005700600000050930
609000008000701000401000000098060004020000030030000500010500070800090000000000200
005001630230700000004520001060000000008607100000000060400015900000006043056400700
000308900009071000003000207910080000050000030000040096402000300000230700005409000
000070010000000673008005000000510046100706009260094000000800700712000000040020000
904710800000020059060000000000003008706090502300200000000000040490080000007036901
002000705053407900907320600000000050500090002020000000005049208008603590709000100
137050000000003600500000030900800003006020400800004001070000009008500000000040517
062000500000975200000060849000802600004050900001604000295010000003426000006000120
690080000000000010300009802800000470006847300034000008207600003060000000000090054
057840002080600500400100600360000000000000000000000047001006005009007060700013480
650700034000004600000010028100007080007000200090400001730050000002800000860003049
900500702000060050008000390872600000000000000000005283067000900080010000509008001
